lastAccountName: EvilDoppelgamer
timestamps:
  login: 1454763082900
  logout: 1454464954742
ipAddress: 127.0.0.1
lastlocation:
  world: Prison
  x: 1.5
  y: 4.0
  z: 0.5
  yaw: 0.0
  pitch: 0.0
logoutlocation:
  world: Prison
  x: -990.0224301995997
  y: 4.0
  z: -520.369023091966
  yaw: -239.39565
  pitch: 3.8999963
