lastAccountName: LiovoMC
timestamps:
  login: 1514408025170
  logout: 1514408025166
  lastteleport: 1514403202875
ipAddress: 127.0.0.1
lastlocation:
  world: Prison
  x: -1063.699999988079
  y: 21.200000047683716
  z: -456.30000001192104
  yaw: 0.658905
  pitch: -72.27609
logoutlocation:
  world: Prison
  x: -1093.3850647305005
  y: 48.47801721667485
  z: -481.1921703255122
  yaw: -196.87422
  pitch: 15.857426
