spawns: 
  a: 
    world: Prison
    x: -1059.797584106776
    y: 4.0
    z: -522.6131398722247
    yaw: -87.44568
    pitch: 4.3499804
  default: 
    world: Prison
    x: -1059.797584106776
    y: 4.0
    z: -522.6131398722247
    yaw: -87.44568
    pitch: 4.3499804
